SNR_dB	aleph_array	mse_results
-20	0	3.281898e+03
-20	0.05	3.129967e+03
-20	0.1	3.186438e+03
-20	0.15	3.241194e+03
-20	0.2	3.322023e+03
-20	0.25	3.367465e+03
-20	0.3	3.425888e+03
-20	0.35	3.304590e+03
-20	0.4	3.108454e+03
-20	0.45	3.285753e+03
-20	0.5	3.470100e+03
-20	0.55	3.570602e+03
-20	0.6	3.527764e+03
-20	0.65	3.826929e+03
-20	0.7	3.566761e+03
-20	0.75	3.773849e+03
-20	0.8	3.686086e+03
-20	0.85	3.977012e+03
-20	0.9	3.904240e+03
-20	0.95	3.585347e+03
-20	1	3.538804e+03

-19	0	2.350560e+03
-19	0.05	2.628125e+03
-19	0.1	2.401864e+03
-19	0.15	2.415172e+03
-19	0.2	2.384077e+03
-19	0.25	2.541835e+03
-19	0.3	2.474942e+03
-19	0.35	2.543473e+03
-19	0.4	2.786348e+03
-19	0.45	2.718006e+03
-19	0.5	2.758258e+03
-19	0.55	2.914952e+03
-19	0.6	2.866245e+03
-19	0.65	2.838549e+03
-19	0.7	2.897857e+03
-19	0.75	3.268005e+03
-19	0.8	3.047460e+03
-19	0.85	2.938464e+03
-19	0.9	3.097799e+03
-19	0.95	3.061802e+03
-19	1	2.788738e+03

-18	0	1.860448e+03
-18	0.05	1.954409e+03
-18	0.1	2.180376e+03
-18	0.15	2.000349e+03
-18	0.2	2.080330e+03
-18	0.25	2.241683e+03
-18	0.3	1.963009e+03
-18	0.35	2.144483e+03
-18	0.4	2.265919e+03
-18	0.45	2.201689e+03
-18	0.5	2.331428e+03
-18	0.55	2.465764e+03
-18	0.6	2.444408e+03
-18	0.65	2.370435e+03
-18	0.7	2.294492e+03
-18	0.75	2.551416e+03
-18	0.8	2.227104e+03
-18	0.85	2.517241e+03
-18	0.9	2.302780e+03
-18	0.95	2.145227e+03
-18	1	2.124836e+03

-17	0	1.528540e+03
-17	0.05	1.553546e+03
-17	0.1	1.663169e+03
-17	0.15	1.573776e+03
-17	0.2	1.508478e+03
-17	0.25	1.577317e+03
-17	0.3	1.676207e+03
-17	0.35	1.675040e+03
-17	0.4	1.672743e+03
-17	0.45	1.711812e+03
-17	0.5	1.775293e+03
-17	0.55	1.774421e+03
-17	0.6	1.928103e+03
-17	0.65	1.693617e+03
-17	0.7	1.799763e+03
-17	0.75	1.750978e+03
-17	0.8	1.930232e+03
-17	0.85	1.857713e+03
-17	0.9	1.968168e+03
-17	0.95	1.835239e+03
-17	1	1.971279e+03

-16	0	1.322917e+03
-16	0.05	1.219584e+03
-16	0.1	1.251202e+03
-16	0.15	1.322137e+03
-16	0.2	1.274923e+03
-16	0.25	1.345018e+03
-16	0.3	1.466373e+03
-16	0.35	1.330064e+03
-16	0.4	1.334833e+03
-16	0.45	1.485249e+03
-16	0.5	1.473657e+03
-16	0.55	1.386025e+03
-16	0.6	1.486773e+03
-16	0.65	1.516225e+03
-16	0.7	1.485875e+03
-16	0.75	1.430906e+03
-16	0.8	1.419653e+03
-16	0.85	1.311688e+03
-16	0.9	1.419038e+03
-16	0.95	1.435389e+03
-16	1	1.510682e+03

-15	0	9.427978e+02
-15	0.05	9.364890e+02
-15	0.1	1.010856e+03
-15	0.15	1.069636e+03
-15	0.2	1.017079e+03
-15	0.25	1.001763e+03
-15	0.3	1.099250e+03
-15	0.35	1.082774e+03
-15	0.4	1.086356e+03
-15	0.45	1.149525e+03
-15	0.5	1.138717e+03
-15	0.55	1.125642e+03
-15	0.6	1.236457e+03
-15	0.65	1.085210e+03
-15	0.7	1.185205e+03
-15	0.75	1.338798e+03
-15	0.8	1.130665e+03
-15	0.85	1.208090e+03
-15	0.9	1.158792e+03
-15	0.95	1.171758e+03
-15	1	1.277032e+03

-14	0	7.645479e+02
-14	0.05	7.872898e+02
-14	0.1	8.173061e+02
-14	0.15	8.032121e+02
-14	0.2	8.065858e+02
-14	0.25	7.932764e+02
-14	0.3	8.258448e+02
-14	0.35	8.405777e+02
-14	0.4	9.223932e+02
-14	0.45	9.510073e+02
-14	0.5	8.975973e+02
-14	0.55	8.990878e+02
-14	0.6	9.583242e+02
-14	0.65	9.432313e+02
-14	0.7	9.388760e+02
-14	0.75	9.550092e+02
-14	0.8	9.595279e+02
-14	0.85	9.427638e+02
-14	0.9	9.793443e+02
-14	0.95	9.128215e+02
-14	1	9.355715e+02

-13	0	6.725405e+02
-13	0.05	5.757820e+02
-13	0.1	6.664802e+02
-13	0.15	6.019844e+02
-13	0.2	6.164359e+02
-13	0.25	6.616328e+02
-13	0.3	6.118071e+02
-13	0.35	7.178662e+02
-13	0.4	6.771590e+02
-13	0.45	7.266575e+02
-13	0.5	6.907346e+02
-13	0.55	7.568024e+02
-13	0.6	7.525956e+02
-13	0.65	7.669027e+02
-13	0.7	8.006255e+02
-13	0.75	7.255986e+02
-13	0.8	7.146951e+02
-13	0.85	7.405684e+02
-13	0.9	7.635540e+02
-13	0.95	7.201122e+02
-13	1	7.188773e+02

-12	0	5.072727e+02
-12	0.05	5.075351e+02
-12	0.1	5.119725e+02
-12	0.15	5.007022e+02
-12	0.2	5.229272e+02
-12	0.25	5.251054e+02
-12	0.3	5.210323e+02
-12	0.35	5.505574e+02
-12	0.4	5.423875e+02
-12	0.45	5.012688e+02
-12	0.5	5.518943e+02
-12	0.55	5.621968e+02
-12	0.6	5.683066e+02
-12	0.65	5.937580e+02
-12	0.7	6.072256e+02
-12	0.75	5.958215e+02
-12	0.8	5.946049e+02
-12	0.85	6.712650e+02
-12	0.9	5.850717e+02
-12	0.95	5.621716e+02
-12	1	5.706142e+02

-11	0	4.360435e+02
-11	0.05	4.119778e+02
-11	0.1	4.159262e+02
-11	0.15	4.195434e+02
-11	0.2	3.649479e+02
-11	0.25	4.261723e+02
-11	0.3	4.181448e+02
-11	0.35	4.093197e+02
-11	0.4	4.249726e+02
-11	0.45	3.953691e+02
-11	0.5	4.255976e+02
-11	0.55	4.561261e+02
-11	0.6	4.559675e+02
-11	0.65	4.579115e+02
-11	0.7	4.819318e+02
-11	0.75	4.440488e+02
-11	0.8	4.703378e+02
-11	0.85	4.704334e+02
-11	0.9	4.600607e+02
-11	0.95	4.224658e+02
-11	1	4.745695e+02

-10	0	3.308800e+02
-10	0.05	3.328345e+02
-10	0.1	3.101601e+02
-10	0.15	3.296686e+02
-10	0.2	3.595406e+02
-10	0.25	3.279726e+02
-10	0.3	3.363549e+02
-10	0.35	3.389689e+02
-10	0.4	3.485257e+02
-10	0.45	3.940999e+02
-10	0.5	3.623182e+02
-10	0.55	3.699457e+02
-10	0.6	3.767723e+02
-10	0.65	3.807078e+02
-10	0.7	3.846020e+02
-10	0.75	3.587062e+02
-10	0.8	3.891599e+02
-10	0.85	3.676528e+02
-10	0.9	3.487027e+02
-10	0.95	3.732476e+02
-10	1	3.638946e+02

-9	0	2.648575e+02
-9	0.05	2.430482e+02
-9	0.1	2.506843e+02
-9	0.15	2.742209e+02
-9	0.2	2.565622e+02
-9	0.25	2.747596e+02
-9	0.3	2.821792e+02
-9	0.35	2.590349e+02
-9	0.4	2.904653e+02
-9	0.45	2.736872e+02
-9	0.5	2.937564e+02
-9	0.55	2.752392e+02
-9	0.6	2.905685e+02
-9	0.65	2.895581e+02
-9	0.7	2.891154e+02
-9	0.75	2.880487e+02
-9	0.8	2.996885e+02
-9	0.85	2.887638e+02
-9	0.9	3.131697e+02
-9	0.95	2.785475e+02
-9	1	3.091966e+02

-8	0	2.094061e+02
-8	0.05	2.203317e+02
-8	0.1	2.267216e+02
-8	0.15	1.947276e+02
-8	0.2	1.859933e+02
-8	0.25	2.294908e+02
-8	0.3	2.093373e+02
-8	0.35	2.302571e+02
-8	0.4	2.058394e+02
-8	0.45	2.291507e+02
-8	0.5	2.351744e+02
-8	0.55	2.143993e+02
-8	0.6	2.291510e+02
-8	0.65	2.450314e+02
-8	0.7	2.160110e+02
-8	0.75	2.299309e+02
-8	0.8	2.387990e+02
-8	0.85	2.465346e+02
-8	0.9	2.474032e+02
-8	0.95	2.422546e+02
-8	1	2.257704e+02

-7	0	1.780922e+02
-7	0.05	1.593517e+02
-7	0.1	1.622121e+02
-7	0.15	1.711676e+02
-7	0.2	1.750570e+02
-7	0.25	1.814410e+02
-7	0.3	1.707481e+02
-7	0.35	1.685767e+02
-7	0.4	1.873172e+02
-7	0.45	1.830390e+02
-7	0.5	1.767253e+02
-7	0.55	1.707947e+02
-7	0.6	1.834918e+02
-7	0.65	1.887782e+02
-7	0.7	2.061909e+02
-7	0.75	2.015676e+02
-7	0.8	1.924702e+02
-7	0.85	1.788169e+02
-7	0.9	1.851833e+02
-7	0.95	1.818032e+02
-7	1	1.863400e+02

-6	0	1.479534e+02
-6	0.05	1.431882e+02
-6	0.1	1.359342e+02
-6	0.15	1.382877e+02
-6	0.2	1.333701e+02
-6	0.25	1.378855e+02
-6	0.3	1.494777e+02
-6	0.35	1.270668e+02
-6	0.4	1.482177e+02
-6	0.45	1.446486e+02
-6	0.5	1.396444e+02
-6	0.55	1.457290e+02
-6	0.6	1.450362e+02
-6	0.65	1.520012e+02
-6	0.7	1.542792e+02
-6	0.75	1.583272e+02
-6	0.8	1.466922e+02
-6	0.85	1.565829e+02
-6	0.9	1.503378e+02
-6	0.95	1.346382e+02
-6	1	1.512624e+02

-5	0	1.155083e+02
-5	0.05	1.110982e+02
-5	0.1	1.152717e+02
-5	0.15	1.069885e+02
-5	0.2	1.129166e+02
-5	0.25	1.103690e+02
-5	0.3	1.080987e+02
-5	0.35	1.128702e+02
-5	0.4	1.133478e+02
-5	0.45	1.089652e+02
-5	0.5	1.159933e+02
-5	0.55	1.117473e+02
-5	0.6	1.169166e+02
-5	0.65	1.205993e+02
-5	0.7	1.109244e+02
-5	0.75	1.207249e+02
-5	0.8	1.198172e+02
-5	0.85	1.242358e+02
-5	0.9	1.181044e+02
-5	0.95	1.196561e+02
-5	1	1.060665e+02

-4	0	9.120626e+01
-4	0.05	1.002925e+02
-4	0.1	9.719164e+01
-4	0.15	9.225747e+01
-4	0.2	9.485567e+01
-4	0.25	9.131830e+01
-4	0.3	8.561099e+01
-4	0.35	9.702133e+01
-4	0.4	8.337400e+01
-4	0.45	8.968532e+01
-4	0.5	8.581617e+01
-4	0.55	9.445980e+01
-4	0.6	9.423368e+01
-4	0.65	9.103274e+01
-4	0.7	9.454214e+01
-4	0.75	8.605583e+01
-4	0.8	9.909037e+01
-4	0.85	9.128997e+01
-4	0.9	1.049191e+02
-4	0.95	9.788723e+01
-4	1	9.068843e+01

-3	0	7.769804e+01
-3	0.05	7.870246e+01
-3	0.1	7.982450e+01
-3	0.15	7.561214e+01
-3	0.2	7.585889e+01
-3	0.25	6.963002e+01
-3	0.3	6.712424e+01
-3	0.35	6.562934e+01
-3	0.4	6.707746e+01
-3	0.45	6.676334e+01
-3	0.5	6.707232e+01
-3	0.55	7.837513e+01
-3	0.6	7.149082e+01
-3	0.65	7.314780e+01
-3	0.7	7.153236e+01
-3	0.75	8.019241e+01
-3	0.8	7.435874e+01
-3	0.85	7.482220e+01
-3	0.9	7.892086e+01
-3	0.95	6.870951e+01
-3	1	7.976199e+01

-2	0	6.455198e+01
-2	0.05	6.386882e+01
-2	0.1	6.388840e+01
-2	0.15	6.401053e+01
-2	0.2	6.352268e+01
-2	0.25	6.138488e+01
-2	0.3	6.107450e+01
-2	0.35	6.132502e+01
-2	0.4	5.659592e+01
-2	0.45	5.612365e+01
-2	0.5	5.897985e+01
-2	0.55	5.404624e+01
-2	0.6	6.109038e+01
-2	0.65	6.034051e+01
-2	0.7	5.945931e+01
-2	0.75	5.984568e+01
-2	0.8	5.898754e+01
-2	0.85	5.710880e+01
-2	0.9	5.829171e+01
-2	0.95	5.889120e+01
-2	1	5.959456e+01

-1	0	5.251897e+01
-1	0.05	5.567222e+01
-1	0.1	5.795646e+01
-1	0.15	5.412121e+01
-1	0.2	4.957505e+01
-1	0.25	5.301067e+01
-1	0.3	5.103745e+01
-1	0.35	4.731954e+01
-1	0.4	4.532749e+01
-1	0.45	4.277983e+01
-1	0.5	4.575308e+01
-1	0.55	4.678292e+01
-1	0.6	4.350927e+01
-1	0.65	4.732513e+01
-1	0.7	5.154913e+01
-1	0.75	4.827308e+01
-1	0.8	4.810118e+01
-1	0.85	4.779456e+01
-1	0.9	4.914000e+01
-1	0.95	4.713254e+01
-1	1	4.536759e+01

0	0	4.809956e+01
0	0.05	4.784966e+01
0	0.1	4.730502e+01
0	0.15	4.768191e+01
0	0.2	4.546128e+01
0	0.25	4.158212e+01
0	0.3	4.241312e+01
0	0.35	3.769081e+01
0	0.4	3.787094e+01
0	0.45	3.564400e+01
0	0.5	3.871675e+01
0	0.55	3.669741e+01
0	0.6	3.864847e+01
0	0.65	3.759738e+01
0	0.7	3.765886e+01
0	0.75	3.681506e+01
0	0.8	4.016249e+01
0	0.85	3.677964e+01
0	0.9	3.774219e+01
0	0.95	3.703867e+01
0	1	3.807001e+01

1	0	3.695536e+01
1	0.05	4.301187e+01
1	0.1	4.303690e+01
1	0.15	3.900759e+01
1	0.2	3.373603e+01
1	0.25	3.381757e+01
1	0.3	3.257534e+01
1	0.35	3.186102e+01
1	0.4	3.204587e+01
1	0.45	2.903780e+01
1	0.5	2.908211e+01
1	0.55	2.904612e+01
1	0.6	3.126348e+01
1	0.65	3.161645e+01
1	0.7	3.112607e+01
1	0.75	3.176665e+01
1	0.8	2.865644e+01
1	0.85	3.036193e+01
1	0.9	3.028104e+01
1	0.95	2.700921e+01
1	1	2.931835e+01

2	0	3.631109e+01
2	0.05	3.504037e+01
2	0.1	3.597847e+01
2	0.15	3.302541e+01
2	0.2	3.422181e+01
2	0.25	3.077313e+01
2	0.3	2.841394e+01
2	0.35	2.631305e+01
2	0.4	2.528939e+01
2	0.45	2.367841e+01
2	0.5	2.344987e+01
2	0.55	2.403340e+01
2	0.6	2.497891e+01
2	0.65	2.535592e+01
2	0.7	2.474562e+01
2	0.75	2.486779e+01
2	0.8	2.685481e+01
2	0.85	2.352747e+01
2	0.9	2.388642e+01
2	0.95	2.473961e+01
2	1	2.501346e+01

3	0	3.036150e+01
3	0.05	3.275102e+01
3	0.1	3.040511e+01
3	0.15	2.966578e+01
3	0.2	2.958394e+01
3	0.25	2.721093e+01
3	0.3	2.312959e+01
3	0.35	2.179906e+01
3	0.4	2.138241e+01
3	0.45	1.980439e+01
3	0.5	1.853484e+01
3	0.55	2.001024e+01
3	0.6	2.010419e+01
3	0.65	1.887591e+01
3	0.7	2.140236e+01
3	0.75	1.916268e+01
3	0.8	1.954170e+01
3	0.85	1.977090e+01
3	0.9	1.924741e+01
3	0.95	1.818456e+01
3	1	1.832326e+01

4	0	3.004302e+01
4	0.05	2.930179e+01
4	0.1	2.808960e+01
4	0.15	2.753072e+01
4	0.2	2.415638e+01
4	0.25	2.302848e+01
4	0.3	1.972341e+01
4	0.35	1.926774e+01
4	0.4	1.641005e+01
4	0.45	1.551741e+01
4	0.5	1.521071e+01
4	0.55	1.500020e+01
4	0.6	1.529447e+01
4	0.65	1.680196e+01
4	0.7	1.590796e+01
4	0.75	1.671982e+01
4	0.8	1.598812e+01
4	0.85	1.552713e+01
4	0.9	1.595468e+01
4	0.95	1.622615e+01
4	1	1.523300e+01

5	0	2.532937e+01
5	0.05	2.579946e+01
5	0.1	2.603454e+01
5	0.15	2.465823e+01
5	0.2	2.312276e+01
5	0.25	2.007815e+01
5	0.3	1.727018e+01
5	0.35	1.555251e+01
5	0.4	1.414027e+01
5	0.45	1.242280e+01
5	0.5	1.197402e+01
5	0.55	1.215513e+01
5	0.6	1.279270e+01
5	0.65	1.262733e+01
5	0.7	1.313417e+01
5	0.75	1.358688e+01
5	0.8	1.255831e+01
5	0.85	1.371535e+01
5	0.9	1.351725e+01
5	0.95	1.191922e+01
5	1	1.253894e+01

6	0	2.143427e+01
6	0.05	2.427658e+01
6	0.1	2.346453e+01
6	0.15	2.193107e+01
6	0.2	2.006053e+01
6	0.25	1.697220e+01
6	0.3	1.467252e+01
6	0.35	1.419849e+01
6	0.4	1.187360e+01
6	0.45	1.028286e+01
6	0.5	9.214244e+00
6	0.55	1.001642e+01
6	0.6	1.030777e+01
6	0.65	1.016013e+01
6	0.7	1.078721e+01
6	0.75	9.535243e+00
6	0.8	1.041980e+01
6	0.85	1.103844e+01
6	0.9	9.689830e+00
6	0.95	9.310790e+00
6	1	8.877259e+00

7	0	2.135006e+01
7	0.05	2.233766e+01
7	0.1	2.164647e+01
7	0.15	2.095135e+01
7	0.2	1.778836e+01
7	0.25	1.598557e+01
7	0.3	1.399748e+01
7	0.35	1.160458e+01
7	0.4	9.916608e+00
7	0.45	8.256373e+00
7	0.5	8.603457e+00
7	0.55	8.233937e+00
7	0.6	8.977238e+00
7	0.65	8.747668e+00
7	0.7	8.091147e+00
7	0.75	8.813060e+00
7	0.8	8.378539e+00
7	0.85	8.781226e+00
7	0.9	8.358649e+00
7	0.95	8.348095e+00
7	1	8.173118e+00

8	0	2.030286e+01
8	0.05	2.241332e+01
8	0.1	2.051012e+01
8	0.15	2.073526e+01
8	0.2	1.710336e+01
8	0.25	1.548681e+01
8	0.3	1.231546e+01
8	0.35	1.070904e+01
8	0.4	9.014921e+00
8	0.45	7.397729e+00
8	0.5	6.740406e+00
8	0.55	6.878601e+00
8	0.6	7.096128e+00
8	0.65	6.955142e+00
8	0.7	7.627497e+00
8	0.75	7.390358e+00
8	0.8	7.381725e+00
8	0.85	6.855963e+00
8	0.9	7.094258e+00
8	0.95	6.914424e+00
8	1	6.942472e+00

9	0	1.833186e+01
9	0.05	1.979937e+01
9	0.1	1.973612e+01
9	0.15	1.933942e+01
9	0.2	1.677757e+01
9	0.25	1.483046e+01
9	0.3	1.142738e+01
9	0.35	8.884700e+00
9	0.4	7.038800e+00
9	0.45	6.190710e+00
9	0.5	5.432275e+00
9	0.55	5.541953e+00
9	0.6	5.774081e+00
9	0.65	5.942133e+00
9	0.7	6.075261e+00
9	0.75	6.126670e+00
9	0.8	6.251682e+00
9	0.85	6.033653e+00
9	0.9	6.180168e+00
9	0.95	5.314054e+00
9	1	5.253774e+00

10	0	1.744150e+01
10	0.05	1.921368e+01
10	0.1	1.965303e+01
10	0.15	1.780944e+01
10	0.2	1.638183e+01
10	0.25	1.294065e+01
10	0.3	9.900143e+00
10	0.35	7.751383e+00
10	0.4	6.706324e+00
10	0.45	5.289079e+00
10	0.5	4.437228e+00
10	0.55	4.627169e+00
10	0.6	4.514197e+00
10	0.65	4.769396e+00
10	0.7	5.065381e+00
10	0.75	4.941557e+00
10	0.8	5.581215e+00
10	0.85	5.036192e+00
10	0.9	4.780857e+00
10	0.95	4.459574e+00
10	1	4.637351e+00

11	0	1.774992e+01
11	0.05	1.898857e+01
11	0.1	1.910783e+01
11	0.15	1.659437e+01
11	0.2	1.524659e+01
11	0.25	1.242808e+01
11	0.3	1.005683e+01
11	0.35	7.461699e+00
11	0.4	5.909943e+00
11	0.45	4.810005e+00
11	0.5	3.948639e+00
11	0.55	3.555795e+00
11	0.6	4.021361e+00
11	0.65	4.027335e+00
11	0.7	4.521147e+00
11	0.75	4.579601e+00
11	0.8	4.465950e+00
11	0.85	4.379083e+00
11	0.9	3.994303e+00
11	0.95	3.749404e+00
11	1	3.893443e+00

12	0	1.719906e+01
12	0.05	1.821214e+01
12	0.1	1.877143e+01
12	0.15	1.660890e+01
12	0.2	1.446686e+01
12	0.25	1.145990e+01
12	0.3	9.015443e+00
12	0.35	7.210394e+00
12	0.4	5.298040e+00
12	0.45	3.855835e+00
12	0.5	3.341645e+00
12	0.55	3.036066e+00
12	0.6	3.215434e+00
12	0.65	3.471745e+00
12	0.7	3.703251e+00
12	0.75	3.442097e+00
12	0.8	3.837165e+00
12	0.85	3.714247e+00
12	0.9	3.668859e+00
12	0.95	3.048313e+00
12	1	2.948926e+00

13	0	1.685351e+01
13	0.05	1.785117e+01
13	0.1	1.843580e+01
13	0.15	1.676632e+01
13	0.2	1.430990e+01
13	0.25	1.140292e+01
13	0.3	9.094731e+00
13	0.35	6.141536e+00
13	0.4	4.991115e+00
13	0.45	3.320002e+00
13	0.5	2.755577e+00
13	0.55	2.699247e+00
13	0.6	2.719216e+00
13	0.65	2.969587e+00
13	0.7	3.154910e+00
13	0.75	3.402929e+00
13	0.8	3.367011e+00
13	0.85	3.000621e+00
13	0.9	3.110265e+00
13	0.95	2.745652e+00
13	1	2.802190e+00

14	0	1.634503e+01
14	0.05	1.777925e+01
14	0.1	1.741888e+01
14	0.15	1.632377e+01
14	0.2	1.379044e+01
14	0.25	1.126689e+01
14	0.3	8.855755e+00
14	0.35	6.303242e+00
14	0.4	4.168535e+00
14	0.45	3.204157e+00
14	0.5	2.528253e+00
14	0.55	2.422850e+00
14	0.6	2.548434e+00
14	0.65	2.568828e+00
14	0.7	2.924094e+00
14	0.75	2.766063e+00
14	0.8	2.878510e+00
14	0.85	2.715192e+00
14	0.9	2.403893e+00
14	0.95	2.328567e+00
14	1	2.335375e+00

15	0	1.569316e+01
15	0.05	1.754282e+01
15	0.1	1.681225e+01
15	0.15	1.606125e+01
15	0.2	1.406886e+01
15	0.25	1.083745e+01
15	0.3	8.585382e+00
15	0.35	6.041785e+00
15	0.4	4.096577e+00
15	0.45	2.924625e+00
15	0.5	2.032283e+00
15	0.55	1.962328e+00
15	0.6	2.184533e+00
15	0.65	2.278318e+00
15	0.7	2.443700e+00
15	0.75	2.495410e+00
15	0.8	2.370560e+00
15	0.85	2.325877e+00
15	0.9	2.335239e+00
15	0.95	2.114649e+00
15	1	2.035845e+00

16	0	1.574919e+01
16	0.05	1.751909e+01
16	0.1	1.690929e+01
16	0.15	1.586157e+01
16	0.2	1.359339e+01
16	0.25	1.107375e+01
16	0.3	8.071789e+00
16	0.35	5.689987e+00
16	0.4	3.949230e+00
16	0.45	2.580396e+00
16	0.5	2.065905e+00
16	0.55	1.811007e+00
16	0.6	1.965291e+00
16	0.65	2.143986e+00
16	0.7	2.354879e+00
16	0.75	2.351738e+00
16	0.8	2.212168e+00
16	0.85	2.189074e+00
16	0.9	2.005534e+00
16	0.95	1.912389e+00
16	1	1.817131e+00

17	0	1.531105e+01
17	0.05	1.710596e+01
17	0.1	1.698391e+01
17	0.15	1.572791e+01
17	0.2	1.339417e+01
17	0.25	1.050314e+01
17	0.3	7.947214e+00
17	0.35	5.732991e+00
17	0.4	3.567981e+00
17	0.45	2.606729e+00
17	0.5	1.813024e+00
17	0.55	1.578406e+00
17	0.6	1.635284e+00
17	0.65	1.888828e+00
17	0.7	2.062397e+00
17	0.75	2.100743e+00
17	0.8	2.129363e+00
17	0.85	1.858638e+00
17	0.9	1.775488e+00
17	0.95	1.661570e+00
17	1	1.589046e+00

18	0	1.548151e+01
18	0.05	1.699524e+01
18	0.1	1.671188e+01
18	0.15	1.539024e+01
18	0.2	1.336255e+01
18	0.25	1.049313e+01
18	0.3	7.840321e+00
18	0.35	5.461220e+00
18	0.4	3.584262e+00
18	0.45	2.227291e+00
18	0.5	1.662412e+00
18	0.55	1.456210e+00
18	0.6	1.538252e+00
18	0.65	1.755352e+00
18	0.7	1.968315e+00
18	0.75	2.106258e+00
18	0.8	2.009268e+00
18	0.85	1.743819e+00
18	0.9	1.699377e+00
18	0.95	1.426727e+00
18	1	1.376232e+00

19	0	1.538547e+01
19	0.05	1.671983e+01
19	0.1	1.653905e+01
19	0.15	1.492879e+01
19	0.2	1.316395e+01
19	0.25	1.044281e+01
19	0.3	7.645153e+00
19	0.35	5.437679e+00
19	0.4	3.482809e+00
19	0.45	2.241375e+00
19	0.5	1.635926e+00
19	0.55	1.277069e+00
19	0.6	1.454214e+00
19	0.65	1.616097e+00
19	0.7	1.848748e+00
19	0.75	1.888728e+00
19	0.8	1.889777e+00
19	0.85	1.688388e+00
19	0.9	1.549915e+00
19	0.95	1.416073e+00
19	1	1.298544e+00

20	0	1.510747e+01
20	0.05	1.658126e+01
20	0.1	1.644174e+01
20	0.15	1.526666e+01
20	0.2	1.310067e+01
20	0.25	1.039735e+01
20	0.3	7.624707e+00
20	0.35	5.269665e+00
20	0.4	3.364328e+00
20	0.45	2.110497e+00
20	0.5	1.403429e+00
20	0.55	1.190710e+00
20	0.6	1.262691e+00
20	0.65	1.525192e+00
20	0.7	1.683602e+00
20	0.75	1.780396e+00
20	0.8	1.719421e+00
20	0.85	1.578272e+00
20	0.9	1.479122e+00
20	0.95	1.279671e+00
20	1	1.220727e+00

