Time	Layer1	Layer2
0.000000	1.654824e-05	-1.932154e-04
0.125000	-1.495982e-03	-4.610820e-03
0.250000	5.121241e-03	-1.823722e-03
0.375000	3.034936e-02	2.518809e-02
0.500000	9.421723e-02	1.494067e-01
0.625000	-1.013015e+00	-1.138061e+00
0.750000	-7.331163e-01	-7.330351e-01
0.875000	-1.119202e-01	-4.066154e-01
1.000000	-4.366481e-02	-1.010294e+00
1.125000	-1.008180e-01	1.381777e+01
1.250000	1.442127e+02	1.393709e+02
1.375000	-1.237791e+00	-9.258393e+00
1.500000	1.251062e+00	1.293411e+00
1.625000	7.346642e-01	8.453359e-01
1.750000	1.522962e-02	3.107375e-01
1.875000	-2.211143e-01	-3.775172e-01

0.000000	7.060146e-01	8.027788e-01
0.125000	4.114723e-01	3.122357e-01
0.250000	-8.372548e-02	-2.805710e-02
0.375000	4.005295e-02	-1.348369e-01
0.500000	-7.204289e-01	-6.202213e-01
0.625000	-7.181552e-01	-6.352466e-01
0.750000	3.083884e-01	3.038958e-01
0.875000	-3.899004e-01	-1.043633e+00
1.000000	-3.322981e-01	-9.649779e-01
1.125000	-7.640880e-01	1.251698e+01
1.250000	1.381598e+02	1.335953e+02
1.375000	-9.822056e-02	-7.904234e+00
1.500000	8.876799e-01	9.910847e-01
1.625000	9.027546e-01	1.063423e+00
1.750000	-5.199282e-01	-4.628187e-01
1.875000	-2.487388e-01	-2.090107e-01

0.000000	1.423679e-03	-6.284556e-02
0.125000	4.718146e-01	6.019662e-01
0.250000	1.368390e-01	-3.395972e-02
0.375000	-6.965431e-01	-6.576631e-01
0.500000	2.675081e-01	3.000416e-01
0.625000	-2.293276e-01	-7.281254e-02
0.750000	-5.075631e-01	-8.362278e-01
0.875000	-1.162515e+00	-1.533956e+00
1.000000	5.313882e-02	-6.195384e-01
1.125000	3.994116e-01	1.391286e+01
1.250000	1.412441e+02	1.367469e+02
1.375000	-3.179938e-01	-8.635176e+00
1.500000	1.567310e-01	3.134090e-01
1.625000	-8.555074e-01	-6.321506e-01
1.750000	5.398807e-01	7.502898e-01
1.875000	-6.923885e-01	-8.299647e-01

0.000000	2.789565e-01	4.771633e-01
0.125000	8.815137e-01	7.625756e-01
0.250000	-9.599761e-01	-1.127763e+00
0.375000	-1.809406e-01	1.375509e-02
0.500000	8.412684e-01	7.503448e-01
0.625000	-1.628758e+00	-1.500322e+00
0.750000	4.917403e-01	3.481695e-01
0.875000	-3.992443e-01	-8.298810e-01
1.000000	-6.513181e-01	-1.597797e+00
1.125000	-1.016407e-01	1.404256e+01
1.250000	1.454802e+02	1.408026e+02
1.375000	2.212916e-02	-8.443705e+00
1.500000	9.842892e-01	1.166638e+00
1.625000	6.929073e-01	9.189112e-01
1.750000	2.251993e-01	4.453969e-01
1.875000	1.029317e+00	8.980646e-01

0.000000	4.526561e-01	4.215973e-01
0.125000	-2.867866e-01	-3.295543e-01
0.250000	-1.370022e-01	-1.968888e-01
0.375000	5.721440e-01	7.246696e-01
0.500000	5.199186e-01	6.072257e-01
0.625000	1.348921e-01	-1.724358e-02
0.750000	3.438277e-01	3.763497e-01
0.875000	-9.192117e-02	-6.239361e-01
1.000000	-1.119703e-01	-8.903551e-01
1.125000	6.108204e-02	1.325953e+01
1.250000	1.362087e+02	1.317480e+02
1.375000	1.560520e-01	-7.817511e+00
1.500000	-4.795430e-01	-3.691873e-01
1.625000	-3.829518e-01	-4.566848e-02
1.750000	-1.020354e-01	-1.047062e-01
1.875000	-4.357099e-01	-4.064502e-01

0.000000	-2.025974e-01	-1.806726e-01
0.125000	-3.310309e-01	-4.111237e-01
0.250000	-3.701644e-01	-2.026470e-01
0.375000	9.057443e-01	7.474681e-01
0.500000	-2.976756e-01	-2.613006e-01
0.625000	-3.020964e-01	-6.931716e-02
0.750000	4.925777e-01	2.655431e-01
0.875000	2.471244e-01	-1.904514e-01
1.000000	-1.452433e-03	-6.903208e-01
1.125000	5.612686e-01	1.379505e+01
1.250000	1.394420e+02	1.349889e+02
1.375000	-2.392671e-01	-8.260731e+00
1.500000	-2.778930e-01	-3.018629e-01
1.625000	2.349400e-01	5.856047e-01
1.750000	-2.546906e-01	-1.641769e-01
1.875000	-7.743624e-02	-7.926246e-02

0.000000	8.054625e-02	-5.495178e-02
0.125000	-4.655156e-01	-2.381392e-01
0.250000	4.161362e-01	2.104526e-01
0.375000	3.962311e-02	1.651235e-01
0.500000	-6.716987e-02	-1.867142e-01
0.625000	-7.073223e-01	-5.812625e-01
0.750000	-2.190746e-01	-2.251431e-01
0.875000	3.327319e-01	-2.977939e-01
1.000000	-8.320916e-01	-1.563322e+00
1.125000	-8.999126e-02	1.358565e+01
1.250000	1.410344e+02	1.362952e+02
1.375000	-9.395036e-02	-8.023944e+00
1.500000	1.562869e-01	7.164405e-02
1.625000	1.201739e-01	4.401288e-01
1.750000	-2.112151e-01	-1.903576e-01
1.875000	-7.726034e-01	-6.851368e-01

0.000000	-2.903411e-01	-3.872094e-01
0.125000	-1.383623e-01	-1.328205e-01
0.250000	-5.251473e-01	-4.443490e-01
0.375000	1.539060e-01	7.188245e-02
0.500000	4.010396e-01	4.762133e-01
0.625000	-1.334020e+00	-1.336292e+00
0.750000	2.837718e-01	2.591362e-01
0.875000	-2.498237e-01	-6.725935e-01
1.000000	-6.599931e-01	-1.667251e+00
1.125000	-4.936179e-01	1.334779e+01
1.250000	1.427534e+02	1.381444e+02
1.375000	-5.620567e-01	-8.763945e+00
1.500000	3.139942e-01	4.273787e-01
1.625000	3.613780e-02	2.207856e-01
1.750000	8.115137e-01	1.062784e+00
1.875000	-1.984165e-01	-3.005405e-01

0.000000	-1.135270e-02	-1.264281e-01
0.125000	-5.874917e-01	-5.565835e-01
0.250000	-2.419176e-01	-1.788256e-01
0.375000	5.449074e-01	5.521152e-01
0.500000	-4.287371e-01	-5.397205e-01
0.625000	-7.248826e-01	-5.225933e-01
0.750000	8.522152e-01	7.601413e-01
0.875000	2.643282e-01	-4.861634e-02
1.000000	-1.695411e-01	-1.170609e+00
1.125000	1.352335e-01	1.277516e+01
1.250000	1.296615e+02	1.253704e+02
1.375000	-4.898903e-01	-7.918175e+00
1.500000	5.055640e-02	1.952418e-01
1.625000	3.293220e-01	3.937361e-01
1.750000	-2.095184e-01	-1.134197e-01
1.875000	-5.264710e-01	-2.328378e-01

0.000000	8.148966e-01	5.391904e-01
0.125000	-4.794371e-01	-5.206148e-01
0.250000	-4.539711e-01	-4.084491e-01
0.375000	4.408426e-01	5.461414e-01
0.500000	-4.077524e-01	-5.232123e-01
0.625000	-1.890100e-01	1.949088e-02
0.750000	6.512042e-01	4.588003e-01
0.875000	2.114126e-01	-7.337815e-02
1.000000	3.277256e-01	-5.719869e-01
1.125000	1.572521e-01	1.349493e+01
1.250000	1.395212e+02	1.349788e+02
1.375000	-8.621358e-01	-8.910522e+00
1.500000	-2.484550e-01	-9.748115e-02
1.625000	3.380828e-02	2.520535e-01
1.750000	4.295773e-02	1.085734e-01
1.875000	-6.072219e-01	-5.000924e-01

0.000000	8.416132e-02	-2.536752e-02
0.125000	-8.361243e-02	-2.145922e-02
0.250000	4.786460e-01	4.668451e-01
0.375000	5.469543e-02	5.739785e-02
0.500000	2.551225e-01	2.625424e-01
0.625000	-5.592549e-01	-5.565835e-01
0.750000	5.665308e-02	-4.725700e-02
0.875000	-6.302009e-02	-1.729364e-01
1.000000	1.062118e+00	-3.839472e-03
1.125000	3.947343e-01	1.328671e+01
1.250000	1.326254e+02	1.281820e+02
1.375000	-5.092868e-01	-8.096129e+00
1.500000	2.360960e-01	3.467988e-01
1.625000	-3.651483e-01	-3.346166e-01
1.750000	-1.139035e-02	4.155913e-01
1.875000	-7.274573e-03	-1.818526e-01

0.000000	7.429592e-01	8.291082e-01
0.125000	-2.121479e-01	-3.728719e-01
0.250000	-2.072273e-01	-1.622301e-01
0.375000	-1.316668e-01	-5.311406e-02
0.500000	6.284881e-01	5.505205e-01
0.625000	-7.132379e-01	-6.349252e-01
0.750000	-3.058167e-01	-3.887139e-01
0.875000	6.431278e-02	-3.232519e-01
1.000000	-3.945155e-01	-1.220594e+00
1.125000	-1.043002e-01	1.268708e+01
1.250000	1.325727e+02	1.282193e+02
1.375000	-1.379295e+00	-9.157531e+00
1.500000	-9.989670e-01	-7.191154e-01
1.625000	-1.056157e-01	2.003777e-02
1.750000	-1.609750e-01	6.545971e-02
1.875000	-5.214034e-01	-5.900092e-01

0.000000	2.851188e-01	4.259325e-01
0.125000	7.079286e-01	7.324463e-01
0.250000	8.239287e-01	6.166582e-01
0.375000	-2.622804e-02	8.729428e-02
0.500000	-7.596981e-02	-1.450523e-01
0.625000	-6.178827e-02	1.982914e-01
0.750000	1.272849e+00	1.022278e+00
0.875000	-1.564705e-01	-4.987100e-01
1.000000	5.578395e-01	-2.529962e-01
1.125000	2.755517e-01	1.293162e+01
1.250000	1.318119e+02	1.276055e+02
1.375000	4.535321e-01	-7.209729e+00
1.500000	5.057263e-01	6.494067e-01
1.625000	2.575015e-02	7.789061e-02
1.750000	9.265675e-02	3.563537e-01
1.875000	-4.048194e-01	-4.630261e-01

0.000000	2.861458e-01	3.134468e-01
0.125000	1.454401e-01	5.888841e-02
0.250000	2.245505e-01	2.620878e-01
0.375000	5.151495e-01	6.273484e-01
0.500000	7.451664e-01	6.758778e-01
0.625000	-4.022288e-01	-3.680643e-01
0.750000	4.421901e-01	3.644819e-01
0.875000	1.389985e-01	-2.679505e-01
1.000000	2.364812e-01	-5.434270e-01
1.125000	4.883401e-01	1.348169e+01
1.250000	1.352661e+02	1.308645e+02
1.375000	1.130375e-01	-7.716876e+00
1.500000	-2.581212e-01	-1.487602e-01
1.625000	-7.907265e-02	4.536037e-02
1.750000	-2.076335e-01	5.095200e-02
1.875000	-3.664062e-01	-5.301868e-01

0.000000	-5.072391e-01	-4.536633e-01
0.125000	-7.725619e-02	3.283525e-03
0.250000	1.357507e-01	8.338199e-02
0.375000	-3.549742e-01	-5.280717e-01
0.500000	-5.935707e-01	-3.988252e-01
0.625000	-3.605759e-01	-1.741963e-01
0.750000	4.598801e-01	4.196329e-02
0.875000	-6.293341e-01	-7.792122e-01
1.000000	-4.762079e-01	-1.439266e+00
1.125000	2.427166e-02	1.344056e+01
1.250000	1.383643e+02	1.338183e+02
1.375000	2.812174e-01	-7.662943e+00
1.500000	2.570199e-01	4.352385e-01
1.625000	-6.195984e-01	-6.166140e-01
1.750000	1.326058e-01	3.698726e-01
1.875000	-5.540338e-01	-5.473417e-01

0.000000	2.222709e-01	2.554909e-01
0.125000	4.989522e-01	4.785123e-01
0.250000	5.419183e-01	5.994814e-01
0.375000	2.573308e-01	1.600359e-01
0.500000	6.969718e-01	6.565666e-01
0.625000	-1.181512e+00	-1.009510e+00
0.750000	2.348529e-01	-5.322435e-02
0.875000	-5.241162e-01	-7.305890e-01
1.000000	1.677437e-01	-7.569747e-01
1.125000	2.567710e-02	1.316380e+01
1.250000	1.351295e+02	1.306052e+02
1.375000	-3.227792e-01	-8.016090e+00
1.500000	1.610091e-01	2.185409e-01
1.625000	6.680568e-01	9.533773e-01
1.750000	2.526798e-01	2.610873e-01
1.875000	-7.994908e-01	-8.193291e-01

0.000000	-2.858312e-01	-1.892322e-01
0.125000	9.482411e-01	8.684433e-01
0.250000	-8.407991e-01	-9.540683e-01
0.375000	-5.784372e-01	-5.961288e-01
0.500000	-6.122469e-01	-4.713760e-01
0.625000	-1.665639e-01	-1.209525e-02
0.750000	2.761432e-01	7.161426e-02
0.875000	-3.283517e-01	-8.425383e-01
1.000000	-8.041536e-01	-1.572211e+00
1.125000	-2.964811e-02	1.371795e+01
1.250000	1.422548e+02	1.375571e+02
1.375000	3.616021e-01	-7.690719e+00
1.500000	-2.268735e-01	-2.855412e-01
1.625000	-2.970134e-01	-1.235910e-01
1.750000	4.671349e-02	2.754368e-01
1.875000	-7.280801e-01	-5.988004e-01

0.000000	9.832792e-01	8.357178e-01
0.125000	1.634977e-01	6.845509e-02
0.250000	-1.251732e+00	-1.242518e+00
0.375000	-6.228028e-02	1.277384e-02
0.500000	3.507357e-01	4.220482e-01
0.625000	-4.198987e-03	4.309856e-02
0.750000	3.365389e-01	1.800274e-01
0.875000	1.284482e-01	-1.634703e-01
1.000000	1.590991e-01	-5.898710e-01
1.125000	4.638637e-01	1.236946e+01
1.250000	1.245461e+02	1.205250e+02
1.375000	-1.085014e+00	-8.324890e+00
1.500000	-9.370354e-02	9.599468e-03
1.625000	6.040270e-01	9.213409e-01
1.750000	-8.316967e-01	-9.151598e-01
1.875000	-4.893287e-01	-3.383410e-01

0.000000	-1.332800e-02	-1.095560e-01
0.125000	3.907941e-01	5.120115e-01
0.250000	-4.947027e-03	-3.878044e-02
0.375000	1.955626e-01	-4.344162e-02
0.500000	-1.046240e+00	-8.445746e-01
0.625000	-8.928943e-01	-8.884211e-01
0.750000	1.885089e-01	1.567022e-01
0.875000	-4.713947e-01	-9.509303e-01
1.000000	-1.758781e-01	-8.598259e-01
1.125000	4.957198e-01	1.364432e+01
1.250000	1.372544e+02	1.328498e+02
1.375000	4.801027e-02	-7.949809e+00
1.500000	1.290323e-01	2.309783e-01
1.625000	-5.716212e-01	-3.556863e-01
1.750000	9.712293e-02	2.151344e-01
1.875000	-2.427941e-01	-2.009789e-01

0.000000	-1.197046e+00	-1.372494e+00
0.125000	3.028389e-03	8.633332e-02
0.250000	-5.997044e-01	-5.085664e-01
0.375000	4.670189e-01	3.139617e-01
0.500000	-8.885747e-01	-7.778231e-01
0.625000	-8.319199e-01	-8.530663e-01
0.750000	-2.316290e-01	-1.803272e-01
0.875000	9.702448e-02	-3.966463e-01
1.000000	-1.086498e-01	-7.949180e-01
1.125000	-8.770614e-04	1.276292e+01
1.250000	1.336165e+02	1.293727e+02
1.375000	6.268513e-01	-7.040124e+00
1.500000	2.645567e-01	3.482513e-01
1.625000	6.745474e-01	7.617997e-01
1.750000	-5.656208e-01	-4.604540e-01
1.875000	-5.926717e-01	-5.749330e-01

0.000000	-9.791675e-02	-5.623019e-02
0.125000	-7.835488e-01	-9.126725e-01
0.250000	7.322800e-01	9.131288e-01
0.375000	-3.645367e-01	-5.352062e-01
0.500000	-4.950821e-01	-4.140171e-01
0.625000	-4.501793e-01	-3.667681e-01
0.750000	3.122549e-01	2.255409e-01
0.875000	-1.891994e-01	-5.542713e-01
1.000000	1.498458e-01	-7.039239e-01
1.125000	-8.423057e-01	1.181008e+01
1.250000	1.322373e+02	1.280709e+02
1.375000	-1.063153e-01	-7.732589e+00
1.500000	-1.219541e-01	-1.473965e-02
1.625000	6.503129e-02	1.277894e-01
1.750000	1.011448e-01	4.600584e-01
1.875000	4.334893e-01	4.269458e-01

0.000000	3.789831e-01	2.007624e-01
0.125000	3.653588e-01	4.760124e-01
0.250000	-2.048873e-01	-3.513023e-01
0.375000	-9.787164e-02	-7.181882e-02
0.500000	1.029668e-01	2.643713e-01
0.625000	-3.251340e-02	-9.266543e-02
0.750000	-2.171023e-01	-3.273592e-01
0.875000	4.316048e-01	1.645679e-01
1.000000	3.845714e-01	-5.158178e-01
1.125000	2.163199e-01	1.346763e+01
1.250000	1.378286e+02	1.332766e+02
1.375000	-3.461979e-01	-8.204956e+00
1.500000	-1.801430e-01	-1.005391e-01
1.625000	1.505900e-01	2.657515e-01
1.750000	1.922153e-01	5.040176e-01
1.875000	-5.159572e-01	-6.262450e-01

0.000000	4.040546e-01	3.696565e-01
0.125000	-2.862658e-01	-2.702223e-01
0.250000	4.614098e-02	1.490177e-02
0.375000	-5.210633e-01	-6.133454e-01
0.500000	-8.957151e-02	1.285387e-01
0.625000	1.059363e-01	1.307563e-01
0.750000	-3.217951e-01	-6.183939e-01
0.875000	-4.999168e-01	-7.066093e-01
1.000000	5.436993e-01	-4.557703e-01
1.125000	-7.653618e-01	1.349769e+01
1.250000	1.480898e+02	1.432860e+02
1.375000	2.843849e-01	-8.219267e+00
1.500000	-4.059701e-01	-3.326671e-01
1.625000	1.018845e-01	3.535741e-01
1.750000	6.669451e-02	4.511482e-02
1.875000	-1.562393e+00	-1.503041e+00

0.000000	-7.270828e-01	-7.023480e-01
0.125000	5.581912e-01	6.652331e-01
0.250000	4.304840e-01	4.189782e-01
0.375000	5.239519e-01	4.887928e-01
0.500000	3.372051e-01	2.357667e-01
0.625000	-6.711600e-01	-5.089158e-01
0.750000	-7.221547e-01	-8.628573e-01
0.875000	3.640785e-01	-5.217984e-02
1.000000	-5.974527e-01	-1.474633e+00
1.125000	-5.775173e-01	1.274049e+01
1.250000	1.391384e+02	1.349046e+02
1.375000	2.010230e-01	-7.896101e+00
1.500000	5.803754e-01	6.610554e-01
1.625000	8.404035e-02	1.540208e-01
1.750000	-2.152815e-01	-6.023275e-02
1.875000	-5.090007e-01	-2.894282e-01

0.000000	8.581353e-01	7.375346e-01
0.125000	2.742492e-02	-1.286633e-01
0.250000	-5.625186e-01	-5.758692e-01
0.375000	-9.066575e-01	-9.017792e-01
0.500000	-2.686581e-01	-5.400999e-02
0.625000	2.529662e-01	2.237648e-01
0.750000	-6.120504e-03	-1.299588e-01
0.875000	2.501947e-01	-8.019856e-02
1.000000	1.570288e-01	-6.482802e-01
1.125000	-5.816441e-02	1.280646e+01
1.250000	1.350115e+02	1.308157e+02
1.375000	2.443307e-01	-7.676591e+00
1.500000	5.323506e-01	6.996994e-01
1.625000	-5.731425e-01	-5.326553e-01
1.750000	-7.459430e-01	-5.332624e-01
1.875000	-2.963345e-01	-2.571439e-01

0.000000	-1.357853e-01	-2.656672e-01
0.125000	-4.889432e-01	-3.951097e-01
0.250000	-2.691548e-01	-3.233304e-01
0.375000	6.529037e-04	4.502517e-02
0.500000	4.269878e-01	5.731059e-01
0.625000	3.697637e-01	3.044687e-01
0.750000	2.799684e-01	2.974359e-01
0.875000	7.817420e-01	3.423156e-01
1.000000	2.213286e-01	-7.870473e-01
1.125000	-6.261147e-01	1.274483e+01
1.250000	1.386147e+02	1.343408e+02
1.375000	1.022760e-01	-8.207740e+00
1.500000	-6.445683e-01	-3.762314e-01
1.625000	3.856396e-02	1.506065e-01
1.750000	-3.328512e-01	-1.136437e-01
1.875000	-6.548539e-01	-6.285958e-01

0.000000	5.589939e-01	5.599046e-01
0.125000	2.520989e-01	1.535354e-01
0.250000	-9.247344e-01	-1.026562e+00
0.375000	-2.406116e-01	-1.078059e-01
0.500000	-6.248508e-01	-7.039421e-01
0.625000	-4.882680e-01	-2.783084e-01
0.750000	-5.537235e-01	-7.479452e-01
0.875000	2.975115e-01	-9.582189e-02
1.000000	-8.716375e-01	-1.836240e+00
1.125000	7.184413e-03	1.437887e+01
1.250000	1.477610e+02	1.428994e+02
1.375000	-2.462440e-01	-8.723123e+00
1.500000	7.938177e-01	9.406930e-01
1.625000	4.564728e-01	6.479260e-01
1.750000	-4.487228e-01	-4.533115e-01
1.875000	-9.973974e-02	9.491068e-02

0.000000	-1.650737e-01	-2.845300e-01
0.125000	7.145245e-01	7.535077e-01
0.250000	-1.513651e-01	-2.572683e-01
0.375000	-1.610099e-01	-2.594291e-02
0.500000	-2.855294e-01	-4.867782e-01
0.625000	-2.195542e-01	-2.531062e-02
0.750000	-8.344888e-01	-8.226887e-01
0.875000	6.414151e-01	4.306696e-02
1.000000	-3.177441e-01	-1.091896e+00
1.125000	-1.754058e-01	1.371873e+01
1.250000	1.446823e+02	1.399978e+02
1.375000	2.647541e-01	-7.975143e+00
1.500000	-4.427647e-02	-4.215893e-02
1.625000	2.108883e-01	3.200128e-01
1.750000	-5.567861e-01	-2.543873e-01
1.875000	-1.930835e-01	-1.358297e-01

0.000000	1.225954e+00	1.098461e+00
0.125000	7.547688e-02	9.364564e-02
0.250000	-4.765320e-01	-5.427724e-01
0.375000	4.151314e-01	5.545538e-01
0.500000	6.355180e-01	5.020055e-01
0.625000	-1.304035e+00	-1.245691e+00
0.750000	-1.191661e-01	-1.872027e-01
0.875000	-6.679069e-02	-4.733247e-01
1.000000	-6.569026e-01	-1.549985e+00
1.125000	-8.364769e-02	1.357423e+01
1.250000	1.413783e+02	1.368153e+02
1.375000	-3.434292e-01	-8.574091e+00
1.500000	2.546507e-01	4.999664e-01
1.625000	-3.494433e-01	-2.498737e-01
1.750000	3.044635e-01	3.825722e-01
1.875000	-7.814605e-01	-6.036534e-01

0.000000	8.339647e-01	8.493445e-01
0.125000	8.514245e-01	8.014729e-01
0.250000	2.184997e-01	1.177016e-01
0.375000	2.020913e-01	1.845471e-01
0.500000	4.136143e-01	6.141137e-01
0.625000	1.983397e-01	1.378486e-01
0.750000	-6.352443e-01	-9.180489e-01
0.875000	1.005226e-01	-6.440578e-02
1.000000	-3.262096e-01	-1.302884e+00
1.125000	-6.010577e-01	1.240556e+01
1.250000	1.338779e+02	1.295614e+02
1.375000	7.745645e-01	-7.022359e+00
1.500000	-1.357460e+00	-1.333024e+00
1.625000	1.921487e-01	4.477527e-01
1.750000	-2.318026e-01	-9.217403e-03
1.875000	-7.678890e-01	-8.223105e-01

0.000000	1.946455e-01	1.073985e-01
0.125000	-1.517720e-02	8.870861e-02
0.250000	2.996422e-01	3.268249e-01
0.375000	9.106505e-02	1.446845e-02
0.500000	2.853939e-01	2.685870e-01
0.625000	-6.960032e-01	-5.425520e-01
0.750000	4.430049e-01	3.310987e-01
0.875000	1.494460e-02	-4.939227e-01
1.000000	-1.065772e+00	-1.912859e+00
1.125000	-1.715369e-01	1.302690e+01
1.250000	1.351705e+02	1.306564e+02
1.375000	1.831428e-01	-7.415685e+00
1.500000	4.292671e-01	3.558108e-01
1.625000	-1.137875e-01	7.903899e-02
1.750000	-3.149652e-01	-8.386870e-02
1.875000	-3.348268e-01	-5.247115e-01

0.000000	-4.551977e-01	-3.071526e-01
0.125000	3.061088e-01	3.123414e-01
0.250000	3.199801e-01	2.564772e-01
0.375000	-3.976706e-01	-4.485538e-01
0.500000	-3.945103e-01	-4.236694e-01
0.625000	-5.883120e-01	-3.640506e-01
0.750000	3.162424e-01	1.695980e-01
0.875000	-1.148248e-01	-5.557662e-01
1.000000	-2.256087e-01	-9.512810e-01
1.125000	-9.555916e-02	1.262525e+01
1.250000	1.328134e+02	1.284948e+02
1.375000	-2.956684e-02	-7.545175e+00
1.500000	1.223439e-01	1.030504e-01
1.625000	4.701809e-01	6.431140e-01
1.750000	-1.995150e-01	-2.258118e-02
1.875000	-3.191983e-01	-2.328489e-01

0.000000	6.082461e-01	4.885532e-01
0.125000	6.418793e-01	5.956394e-01
0.250000	-5.262912e-01	-4.402592e-01
0.375000	6.293316e-01	7.121671e-01
0.500000	1.247545e+00	1.145641e+00
0.625000	-5.784316e-01	-5.343645e-01
0.750000	-1.119430e-01	-2.387747e-01
0.875000	1.052065e-01	-2.097583e-01
1.000000	2.501798e-01	-6.290311e-01
1.125000	-2.539941e-01	1.280511e+01
1.250000	1.355671e+02	1.311353e+02
1.375000	-1.025837e-01	-7.812097e+00
1.500000	1.644909e-01	1.824705e-01
1.625000	-3.572856e-02	1.050399e-01
1.750000	3.502617e-01	6.299657e-01
1.875000	-4.873317e-01	-5.788319e-01

0.000000	-4.100282e-01	-4.038769e-01
0.125000	7.974826e-01	7.628574e-01
0.250000	-8.188258e-01	-9.505937e-01
0.375000	-7.061519e-01	-5.625017e-01
0.500000	-2.607268e-01	-3.122429e-01
0.625000	-3.424952e-01	-1.101220e-01
0.750000	1.094291e+00	1.011297e+00
0.875000	5.929621e-01	1.412292e-01
1.000000	1.915935e-01	-6.539463e-01
1.125000	3.861853e-01	1.353179e+01
1.250000	1.377410e+02	1.333572e+02
1.375000	-3.238316e-01	-8.234884e+00
1.500000	-1.342178e-01	-2.255229e-01
1.625000	-5.918708e-01	-3.048458e-01
1.750000	2.302751e-01	4.956909e-01
1.875000	5.984483e-02	4.793448e-03

0.000000	1.580609e-01	1.102117e-01
0.125000	-8.880427e-02	-1.279535e-01
0.250000	1.709630e-01	2.767647e-01
0.375000	1.292344e-01	-8.855676e-02
0.500000	-4.893740e-01	-3.247570e-01
0.625000	-4.406522e-01	-3.084862e-01
0.750000	5.371928e-01	3.237000e-01
0.875000	-1.150032e-01	-4.850361e-01
1.000000	-9.796013e-01	-1.927768e+00
1.125000	-7.895047e-01	1.208178e+01
1.250000	1.324917e+02	1.283236e+02
1.375000	4.379900e-01	-7.256629e+00
1.500000	-3.297512e-01	-3.259200e-01
1.625000	3.411524e-01	6.553618e-01
1.750000	2.894366e-01	3.811023e-01
1.875000	-3.131759e-01	-3.252158e-01

0.000000	-1.140232e-01	-2.264182e-01
0.125000	-9.534179e-01	-9.849688e-01
0.250000	1.295526e-01	3.762004e-01
0.375000	6.604737e-01	4.059438e-01
0.500000	-9.785772e-01	-8.723886e-01
0.625000	3.845332e-02	1.506644e-01
0.750000	-5.424000e-01	-6.962864e-01
0.875000	-4.336356e-02	-4.713595e-01
1.000000	-6.144735e-02	-8.141278e-01
1.125000	-2.492730e-01	1.291604e+01
1.250000	1.371826e+02	1.327751e+02
1.375000	1.703771e-01	-7.705337e+00
1.500000	7.137987e-01	8.428410e-01
1.625000	2.813225e-01	4.120100e-01
1.750000	1.065124e-01	1.256560e-01
1.875000	-2.489447e-01	-3.923681e-03

0.000000	6.916005e-01	5.850781e-01
0.125000	8.470409e-01	9.236038e-01
0.250000	3.815019e-01	1.364503e-01
0.375000	-1.343115e-01	-3.931381e-02
0.500000	-2.313863e-01	-2.949588e-01
0.625000	-3.582370e-01	-7.094831e-02
0.750000	-1.530568e-01	-5.715890e-01
0.875000	-5.406703e-01	-7.301424e-01
1.000000	-2.764835e-01	-1.296601e+00
1.125000	2.248416e-01	1.395149e+01
1.250000	1.401986e+02	1.355419e+02
1.375000	-5.786656e-02	-8.128368e+00
1.500000	2.848873e-03	1.328408e-01
1.625000	3.367393e-01	3.900799e-01
1.750000	-5.839004e-01	-3.504175e-01
1.875000	-1.181216e+00	-1.222635e+00

0.000000	6.024834e-02	1.398252e-02
0.125000	-6.782452e-01	-6.206106e-01
0.250000	2.563941e-01	3.546848e-01
0.375000	3.036324e-01	1.494446e-01
0.500000	-9.869748e-02	3.476604e-02
0.625000	3.269992e-01	4.538028e-01
0.750000	3.986665e-01	2.604804e-01
0.875000	4.039039e-01	-5.857792e-02
1.000000	6.544770e-01	-2.542945e-01
1.125000	-5.469524e-01	1.335646e+01
1.250000	1.434307e+02	1.385628e+02
1.375000	1.513515e-01	-7.830138e+00
1.500000	2.460678e-01	1.282234e-01
1.625000	-1.970838e-02	2.742026e-01
1.750000	2.121986e-01	3.866301e-01
1.875000	9.750402e-02	7.225635e-02

0.000000	-2.765780e-01	-4.476830e-01
0.125000	-7.299304e-01	-6.492556e-01
0.250000	-8.970146e-02	-5.907063e-02
0.375000	5.694932e-01	6.101010e-01
0.500000	-1.283820e-01	-1.561526e-01
0.625000	-8.410706e-02	-5.252963e-02
0.750000	-3.717079e-01	-5.075598e-01
0.875000	-9.546981e-01	-1.372909e+00
1.000000	2.316218e-01	-4.484331e-01
1.125000	1.562906e-01	1.332422e+01
1.250000	1.371930e+02	1.326515e+02
1.375000	-7.294829e-01	-8.714738e+00
1.500000	-3.713135e-01	-7.816191e-02
1.625000	3.296721e-01	4.876272e-01
1.750000	-6.453721e-02	-3.603653e-02
1.875000	-7.691918e-01	-6.842521e-01

0.000000	-4.033077e-02	-4.213478e-02
0.125000	2.464955e-01	1.737555e-01
0.250000	-9.023744e-02	-2.088875e-02
0.375000	8.265152e-01	9.569792e-01
0.500000	3.985482e-01	2.222914e-01
0.625000	-6.664198e-01	-6.372273e-01
0.750000	-5.614937e-01	-7.473000e-01
0.875000	-1.221289e+00	-1.518331e+00
1.000000	5.403221e-01	-3.994909e-02
1.125000	2.884608e-01	1.301014e+01
1.250000	1.351214e+02	1.308596e+02
1.375000	-8.172438e-01	-8.670548e+00
1.500000	2.765132e-01	4.007214e-01
1.625000	-3.327177e-01	-9.937074e-02
1.750000	7.097981e-01	9.314223e-01
1.875000	4.750091e-03	-1.319955e-01

