Time	Layer1	Layer2
0.000000	1.441837e+02	6.221776e-03
0.125000	-6.013971e-01	2.402003e-01
0.250000	1.663091e-01	-6.222067e-03
0.375000	-2.990804e-01	1.493205e-01
0.500000	2.219885e-01	2.880867e-01
0.625000	-4.369368e-01	-5.297052e-01
0.750000	6.691476e-01	2.323902e-01
0.875000	5.148342e-01	3.497320e-01
1.000000	1.228449e+00	-5.648911e-01
1.125000	-5.769129e-01	3.807540e-01
1.250000	3.134382e-01	2.924893e-01
1.375000	6.233757e-01	2.730446e-01
1.500000	-7.412313e-01	1.286709e-01
1.625000	2.300875e-02	1.864648e-01
1.750000	1.716322e-01	2.487711e-01
1.875000	5.249868e-01	5.947334e-01

0.000000	1.379977e+02	-4.164200e-01
0.125000	1.886918e-01	4.381242e-01
0.250000	1.168095e-02	9.798854e-02
0.375000	3.107300e-01	7.031522e-01
0.500000	3.425127e-01	1.871248e-01
0.625000	-3.465583e-02	1.957200e-01
0.750000	-3.218066e-01	8.781780e-02
0.875000	4.240962e-01	-6.455303e-01
1.000000	1.589507e-01	6.274063e-01
1.125000	2.034284e-01	3.528546e-01
1.250000	2.732758e-01	3.006962e-01
1.375000	-5.164496e-01	6.993078e-01
1.500000	-5.205156e-01	-4.458450e-01
1.625000	-4.471674e-01	2.065294e-01
1.750000	-8.024705e-02	-1.751763e-01
1.875000	5.085895e-01	1.388772e-01

0.000000	1.423759e+02	1.029031e-01
0.125000	-5.015751e-01	-9.479369e-01
0.250000	2.996340e-01	-2.298040e-01
0.375000	-2.138206e-01	5.477429e-02
0.500000	8.307588e-01	-2.688705e-01
0.625000	3.352936e-01	-8.461137e-01
0.750000	1.096288e-01	-4.230846e-01
0.875000	6.782235e-01	-2.588053e-01
1.000000	-2.655085e-01	-1.942563e-01
1.125000	4.226890e-01	-4.554964e-01
1.250000	-1.701494e-01	-4.679207e-01
1.375000	3.778570e-02	6.777812e-01
1.500000	-2.835500e-01	5.876162e-02
1.625000	-1.768182e-01	-2.338545e-01
1.750000	3.095500e-01	-1.308341e-01
1.875000	6.144402e-02	-2.912748e-01

0.000000	1.457857e+02	-2.159260e-02
0.125000	2.320263e-01	3.237198e-01
0.250000	-2.414668e-01	1.870205e-01
0.375000	1.727727e-01	-8.797005e-01
0.500000	-3.701765e-01	2.208050e-01
0.625000	-3.569460e-01	1.142070e+00
0.750000	1.853714e-02	6.546311e-01
0.875000	7.610320e-02	2.832043e-01
1.000000	3.498093e-01	9.044696e-02
1.125000	3.577020e-01	6.980510e-01
1.250000	-4.377100e-02	6.521986e-01
1.375000	4.898463e-01	3.740487e-01
1.500000	1.753306e-01	-3.962674e-01
1.625000	-6.282399e-02	1.007145e+00
1.750000	9.151894e-02	2.997284e-01
1.875000	1.918639e-01	-8.781363e-02

0.000000	1.360032e+02	2.398339e-01
0.125000	5.320657e-02	3.803068e-01
0.250000	2.417920e-01	4.392190e-01
0.375000	-1.209707e+00	6.411063e-01
0.500000	9.049974e-01	-1.777985e-01
0.625000	-5.372222e-01	5.730892e-02
0.750000	2.852725e-01	7.427862e-01
0.875000	-1.944240e-01	3.114146e-01
1.000000	-3.850101e-01	7.289953e-02
1.125000	3.646139e-03	-2.168498e-01
1.250000	7.335445e-01	4.501463e-01
1.375000	-1.123112e-01	2.211885e-01
1.500000	-5.660512e-01	2.896106e-02
1.625000	-8.176163e-01	1.678084e-01
1.750000	8.837681e-01	8.368655e-01
1.875000	-1.486643e-01	-1.102340e+00

0.000000	1.410025e+02	-2.311652e-01
0.125000	3.357422e-03	-5.017650e-01
0.250000	-5.033093e-01	-5.056590e-02
0.375000	-5.805119e-01	3.194362e-02
0.500000	-2.785342e-01	4.356800e-01
0.625000	3.964288e-02	-3.121238e-01
0.750000	-6.127506e-01	2.975690e-01
0.875000	-4.372257e-01	5.956345e-02
1.000000	-2.524142e-01	2.797466e-01
1.125000	-2.209658e-01	-4.192616e-02
1.250000	-4.991079e-01	-1.786598e-02
1.375000	4.092413e-02	-1.187467e-01
1.500000	3.099935e-01	-4.055866e-01
1.625000	9.708759e-01	-1.864558e-01
1.750000	-8.408904e-01	4.338866e-01
1.875000	-6.456031e-01	2.039985e-01

0.000000	1.410074e+02	-8.684718e-03
0.125000	-5.978356e-02	-5.523671e-03
0.250000	4.882118e-01	-4.099237e-01
0.375000	-1.292142e-01	4.629088e-01
0.500000	2.853722e-01	-2.857180e-01
0.625000	1.883692e-01	-1.973488e-02
0.750000	1.282754e-01	-2.348267e-01
0.875000	7.201721e-01	-1.962489e-01
1.000000	-3.563861e-01	1.942048e-01
1.125000	1.825328e-01	2.024054e-01
1.250000	-8.199548e-01	2.226343e-01
1.375000	-1.743469e-02	2.476326e-01
1.500000	2.578193e-01	-1.243633e-01
1.625000	3.959845e-01	1.643628e-01
1.750000	3.750805e-01	-3.752486e-01
1.875000	4.175368e-01	-6.927121e-03

0.000000	1.426796e+02	2.499907e-02
0.125000	6.193070e-01	-4.106480e-01
0.250000	7.389787e-01	4.141111e-01
0.375000	3.865177e-02	1.565055e-01
0.500000	-1.045895e+00	-8.000553e-01
0.625000	-7.812966e-01	7.277134e-01
0.750000	-8.801076e-01	4.942725e-01
0.875000	2.013435e-01	4.783593e-01
1.000000	1.078213e-01	-1.578788e-01
1.125000	-6.736202e-01	3.946869e-01
1.250000	1.367452e+00	3.381809e-01
1.375000	-4.257750e-01	-4.755707e-01
1.500000	-1.148523e-01	2.340643e-01
1.625000	2.127748e-01	-8.294987e-01
1.750000	-5.730776e-01	7.571272e-01
1.875000	8.383276e-01	4.814389e-01

0.000000	1.297271e+02	-5.901776e-01
0.125000	8.180232e-01	2.043414e-01
0.250000	-6.088431e-01	4.361497e-02
0.375000	-1.819733e-02	4.463873e-01
0.500000	-5.171331e-01	1.115347e+00
0.625000	3.953444e-02	-8.565839e-01
0.750000	-1.764485e-01	-3.118574e-01
0.875000	8.533695e-02	2.118061e-01
1.000000	1.326345e-01	-8.678557e-01
1.125000	5.978260e-01	1.835579e-01
1.250000	4.505328e-01	5.262664e-01
1.375000	1.965878e-01	-3.208161e-01
1.500000	2.336588e-01	-4.697485e-01
1.625000	-1.189772e-01	4.287823e-01
1.750000	-5.402503e-02	1.265537e+00
1.875000	1.600188e-01	-1.039931e+00

0.000000	1.399390e+02	2.133911e-01
0.125000	-9.823260e-01	-6.663810e-02
0.250000	-2.611474e-01	5.328408e-01
0.375000	-2.131785e-01	-6.004529e-01
0.500000	-1.434663e-01	-4.045330e-01
0.625000	-2.947847e-02	-1.079312e-01
0.750000	-3.284107e-01	-4.375745e-01
0.875000	-9.281154e-02	-9.664133e-01
1.000000	4.650105e-01	1.260753e-01
1.125000	-3.338640e-01	-1.177783e+00
1.250000	-1.054938e+00	-2.203222e-01
1.375000	-4.579397e-01	1.037037e-01
1.500000	4.675653e-01	5.427075e-01
1.625000	2.698697e-01	-1.407649e-02
1.750000	-5.561330e-01	-8.482157e-01
1.875000	-1.837208e-01	-2.784151e-01

0.000000	1.333690e+02	5.469500e-01
0.125000	2.506850e-01	-1.684429e-01
0.250000	-5.313412e-01	2.179559e-01
0.375000	-1.918707e-01	-5.774258e-02
0.500000	-6.377262e-01	-1.636444e-01
0.625000	-4.537866e-01	8.113342e-01
0.750000	-5.513756e-02	-8.096039e-01
0.875000	-3.397862e-01	-1.657218e-01
1.000000	4.173307e-01	-1.288228e-02
1.125000	-2.703172e-01	-5.856020e-02
1.250000	5.076167e-01	6.077590e-01
1.375000	-3.348912e-01	7.225740e-01
1.500000	-2.054107e-01	-2.243948e-02
1.625000	-4.251014e-01	-2.608132e-01
1.750000	7.297886e-01	-4.242238e-01
1.875000	3.535519e-01	-2.012286e-01

0.000000	1.332548e+02	-3.530149e-01
0.125000	1.723060e-02	-2.067563e-02
0.250000	3.604097e-01	-1.579339e-01
0.375000	-9.903336e-02	4.251338e-01
0.500000	4.499830e-01	-2.105109e-01
0.625000	-3.810071e-02	1.399641e-02
0.750000	-8.650797e-01	-2.681133e-01
0.875000	-5.900690e-01	3.861623e-01
1.000000	-5.680398e-01	-6.167579e-01
1.125000	1.038596e+00	-2.590206e-01
1.250000	2.595058e-01	7.919732e-01
1.375000	6.057382e-01	-8.263939e-02
1.500000	-6.301799e-01	8.753796e-01
1.625000	-3.272641e-01	2.190420e-01
1.750000	2.182457e-01	-3.236608e-02
1.875000	-4.033007e-02	-1.844273e-01

0.000000	1.312690e+02	-1.150289e-01
0.125000	2.153280e-01	2.054549e-01
0.250000	5.420876e-01	3.694989e-01
0.375000	-6.389907e-01	-9.947670e-01
0.500000	6.082021e-01	6.167034e-01
0.625000	5.454974e-01	-2.662986e-01
0.750000	-3.464543e-01	-4.157190e-01
0.875000	4.291926e-01	-6.127627e-02
1.000000	-4.432196e-02	2.617929e-01
1.125000	4.990428e-02	-2.761672e-01
1.250000	2.287523e-01	-1.282747e-01
1.375000	1.604616e-01	-6.707750e-01
1.500000	-6.684491e-02	-4.264827e-01
1.625000	6.417224e-02	-1.383750e-01
1.750000	-5.783534e-01	-5.744153e-02
1.875000	4.039766e-01	4.862214e-01

0.000000	1.339404e+02	4.733817e-01
0.125000	-1.171003e-01	3.973765e-01
0.250000	-2.306224e-01	-3.064982e-01
0.375000	-7.507308e-02	1.255870e-02
0.500000	2.496521e-01	-5.868773e-01
0.625000	8.634673e-02	6.778991e-01
0.750000	1.066623e+00	-7.360957e-01
0.875000	-5.795233e-01	1.060399e-01
1.000000	-8.458101e-01	1.316186e-01
1.125000	7.480117e-02	1.943994e-01
1.250000	6.168874e-01	1.944696e-01
1.375000	8.276304e-01	5.665415e-01
1.500000	3.763527e-01	-7.744040e-01
1.625000	-3.079202e-01	3.604771e-01
1.750000	-7.117272e-02	-1.529318e-01
1.875000	-1.955782e-01	-1.466291e-01

0.000000	1.373241e+02	-6.062147e-01
0.125000	-2.797325e-02	9.958283e-03
0.250000	-4.454767e-01	-1.842688e-01
0.375000	2.237607e-01	6.671443e-01
0.500000	3.717161e-01	-4.106401e-02
0.625000	-2.007878e-01	2.138007e-01
0.750000	1.060198e-02	-8.188736e-01
0.875000	-5.289551e-01	-4.314085e-01
1.000000	2.439123e-01	-1.197691e+00
1.125000	1.741729e-01	-1.342936e-01
1.250000	8.444582e-02	1.026864e+00
1.375000	4.261659e-02	2.774032e-01
1.500000	-5.399223e-01	8.471855e-03
1.625000	-1.516996e-01	-8.055462e-02
1.750000	1.890318e-01	1.906970e-01
1.875000	2.128929e-01	-1.392863e-01

0.000000	1.355896e+02	1.398612e-01
0.125000	3.109313e-01	7.187218e-02
0.250000	-1.620425e-01	2.704745e-01
0.375000	1.069771e-01	7.242565e-01
0.500000	-3.628981e-02	-1.097630e-01
0.625000	4.200604e-01	1.355847e-01
0.750000	-1.751168e-02	-1.555585e-01
0.875000	4.937665e-01	4.587782e-01
1.000000	-1.312344e-01	2.173668e-01
1.125000	-4.273438e-01	1.923973e-01
1.250000	4.876031e-01	3.718603e-02
1.375000	-1.154017e+00	-3.824383e-01
1.500000	3.138827e-01	-1.129094e-01
1.625000	2.476715e-02	-1.794947e-01
1.750000	2.668537e-01	8.901752e-01
1.875000	4.165824e-02	-1.995363e-02

0.000000	1.424072e+02	-1.831381e-01
0.125000	-5.101955e-02	3.335180e-01
0.250000	9.491976e-02	5.081195e-01
0.375000	-6.128038e-02	-5.100039e-01
0.500000	8.953640e-02	1.314821e-01
0.625000	3.843771e-01	-9.432973e-01
0.750000	-2.678317e-01	-3.927748e-01
0.875000	-1.550128e-01	1.561184e-01
1.000000	-3.690925e-01	2.391161e-01
1.125000	-9.754445e-02	2.021537e-01
1.250000	1.053795e+00	1.605376e-01
1.375000	-4.631086e-01	-7.575177e-01
1.500000	3.750143e-01	2.227569e-01
1.625000	-2.682753e-01	-7.744288e-01
1.750000	-2.093539e-01	-3.800035e-02
1.875000	-1.599019e-01	-2.658829e-01

0.000000	1.236037e+02	-1.700721e-01
0.125000	2.808722e-01	-5.445874e-02
0.250000	-2.440696e-01	-2.877167e-01
0.375000	-4.965741e-01	1.788849e-01
0.500000	6.880850e-01	1.029690e-01
0.625000	9.064951e-01	4.285065e-01
0.750000	8.781321e-02	-4.490472e-01
0.875000	-1.799377e-01	-5.903845e-01
1.000000	-1.073358e-01	3.430734e-01
1.125000	1.580349e-01	3.069047e-01
1.250000	-5.275379e-01	-1.650007e-01
1.375000	-1.918300e-01	-1.396497e-01
1.500000	8.969363e-01	5.708359e-01
1.625000	-4.376401e-01	-4.085265e-02
1.750000	1.419153e-01	-2.657353e-01
1.875000	-1.751123e-01	2.958972e-03

0.000000	1.366438e+02	-3.352010e-01
0.125000	-5.390603e-01	-3.695009e-01
0.250000	-6.060651e-01	1.476083e-01
0.375000	-6.017310e-01	8.216427e-02
0.500000	9.452662e-01	-2.319686e-01
0.625000	-4.064437e-01	4.149393e-01
0.750000	5.666935e-01	-4.068423e-01
0.875000	5.745147e-02	1.516130e-01
1.000000	-5.339390e-01	2.339399e-01
1.125000	8.443691e-01	-3.038636e-01
1.250000	4.404852e-01	-6.967571e-01
1.375000	-5.016307e-01	-6.283633e-01
1.500000	6.037984e-01	-2.503155e-01
1.625000	2.518651e-01	9.997868e-01
1.750000	7.734535e-01	1.268630e-01
1.875000	5.405057e-01	7.072184e-01

0.000000	1.332355e+02	-2.130635e-01
0.125000	1.373538e-01	-2.253988e-01
0.250000	1.156248e-01	4.233439e-01
0.375000	-2.634311e-01	1.369392e-01
0.500000	-4.177082e-01	-1.940251e-01
0.625000	2.345839e-02	4.828728e-01
0.750000	3.649086e-02	1.516625e-01
0.875000	4.817415e-02	-9.583625e-02
1.000000	1.101670e-01	4.186164e-01
1.125000	-6.581773e-01	5.440014e-02
1.250000	-4.546232e-01	-1.540502e-02
1.375000	6.317396e-02	-2.009725e-01
1.500000	-2.355715e-01	4.939674e-01
1.625000	-2.489566e-01	-9.087498e-04
1.750000	5.827225e-01	4.313636e-01
1.875000	-3.913212e-02	3.237676e-01

0.000000	1.321819e+02	-9.573513e-02
0.125000	-3.290066e-01	3.796747e-01
0.250000	-8.627450e-01	2.285071e-01
0.375000	-1.176979e-01	8.791238e-01
0.500000	9.121803e-02	6.579085e-01
0.625000	-1.610824e-01	3.626943e-01
0.750000	-4.980221e-01	1.800021e-01
0.875000	6.451907e-01	-2.151389e-02
1.000000	-7.070025e-01	3.382677e-01
1.125000	-5.024089e-01	-5.665739e-03
1.250000	4.201748e-01	1.296758e-01
1.375000	-3.581255e-01	-3.024658e-01
1.500000	-8.451138e-01	7.026436e-01
1.625000	2.922539e-01	-1.733799e-01
1.750000	4.076679e-01	-8.458147e-02
1.875000	6.820900e-01	2.467210e-01

0.000000	1.371142e+02	1.260344e-01
0.125000	5.939644e-01	-3.332759e-01
0.250000	-1.337554e+00	-7.704571e-01
0.375000	-1.109506e-01	6.722485e-01
0.500000	8.304637e-01	6.711484e-01
0.625000	-3.190214e-01	3.888014e-02
0.750000	1.166446e-01	5.957236e-02
0.875000	2.810954e-01	7.670469e-01
1.000000	1.149241e-01	-5.566569e-01
1.125000	-7.372370e-02	-2.939985e-01
1.250000	8.765073e-02	5.257041e-01
1.375000	-4.142991e-01	2.573672e-01
1.500000	-1.084164e-01	-4.831287e-01
1.625000	-6.552263e-01	-1.374681e-01
1.750000	4.137520e-01	-2.117835e-01
1.875000	3.184705e-01	-1.584117e-01

0.000000	1.485032e+02	5.213552e-01
0.125000	2.130966e-01	-7.378803e-01
0.250000	-1.369312e-01	-4.633610e-01
0.375000	-7.517322e-01	1.297504e-01
0.500000	-7.372964e-01	3.547041e-01
0.625000	-9.207760e-02	1.629025e-01
0.750000	4.187854e-01	-2.872773e-01
0.875000	8.804649e-01	-6.252331e-01
1.000000	-4.340620e-01	3.755374e-01
1.125000	-3.370523e-02	5.667711e-01
1.250000	4.903093e-01	-2.118253e-01
1.375000	3.852561e-01	3.072052e-01
1.500000	6.291966e-02	9.862024e-02
1.625000	-5.933849e-01	-2.734643e-01
1.750000	-3.847516e-01	-1.425525e-01
1.875000	-4.791078e-01	-8.980896e-01

0.000000	1.393937e+02	-1.382112e-01
0.125000	-1.979787e-01	-2.237933e-01
0.250000	2.364776e-01	6.390285e-01
0.375000	-3.270772e-01	1.748105e-01
0.500000	5.307428e-01	-5.833326e-01
0.625000	-3.464254e-01	7.819062e-01
0.750000	-6.343842e-01	1.758471e-01
0.875000	1.322161e-01	-8.138562e-01
1.000000	-2.677334e-01	6.691770e-01
1.125000	-6.009545e-02	-4.142683e-01
1.250000	-1.070975e-01	-1.596621e-01
1.375000	1.891392e-02	-5.773923e-01
1.500000	5.733637e-03	3.015917e-01
1.625000	-3.326712e-01	-1.304068e+00
1.750000	-7.174883e-01	3.585376e-02
1.875000	1.632769e-02	-1.689802e-01

0.000000	1.339806e+02	2.225877e-01
0.125000	-3.273432e-02	1.237378e-01
0.250000	4.437665e-01	-7.416357e-01
0.375000	-7.028848e-01	-3.579972e-01
0.500000	3.488428e-01	7.458805e-01
0.625000	3.722760e-01	-4.035440e-01
0.750000	3.718873e-01	-2.989130e-01
0.875000	-1.985902e-01	-1.083171e-01
1.000000	-3.986522e-02	3.586337e-01
1.125000	3.450103e-01	-2.397015e-01
1.250000	5.283637e-01	-2.052208e-01
1.375000	-1.342198e-01	-2.175603e-01
1.500000	-8.528553e-01	-7.924226e-01
1.625000	-6.911763e-01	2.180916e-03
1.750000	7.828438e-01	1.360803e-01
1.875000	-5.601121e-01	-6.667011e-01

0.000000	1.387865e+02	1.664346e-01
0.125000	-7.574421e-01	-1.737517e-01
0.250000	1.800095e-01	3.447395e-01
0.375000	2.087555e-01	-3.208531e-01
0.500000	1.196844e-01	-2.109187e-01
0.625000	-3.978278e-02	-3.435782e-01
0.750000	2.038607e-01	-4.818678e-01
0.875000	1.340849e-01	4.769766e-01
1.000000	1.501785e-01	4.023945e-01
1.125000	-4.990961e-01	4.093475e-01
1.250000	4.533142e-03	-6.216164e-01
1.375000	6.156687e-02	-1.862805e-01
1.500000	-3.994941e-01	-4.296495e-02
1.625000	-5.934807e-02	2.365611e-01
1.750000	-3.235480e-01	2.188528e-01
1.875000	-6.856923e-01	4.616746e-01

0.000000	1.474507e+02	-1.444912e-01
0.125000	4.527545e-01	7.655278e-01
0.250000	6.607996e-01	-4.262804e-01
0.375000	-1.494630e-01	7.070915e-03
0.500000	-4.896717e-01	4.070437e-01
0.625000	1.072002e-01	2.346179e-01
0.750000	5.866752e-01	-6.452109e-01
0.875000	8.205593e-01	-2.193562e-01
1.000000	-4.583257e-01	-1.849970e-01
1.125000	3.751813e-02	-4.285313e-02
1.250000	-4.737322e-01	2.096085e-01
1.375000	-7.715841e-01	1.019756e-02
1.500000	-3.765254e-01	-4.505235e-01
1.625000	-3.800881e-01	7.720197e-02
1.750000	-5.897309e-02	-3.851486e-01
1.875000	5.031937e-01	3.705328e-01

0.000000	1.430621e+02	3.833258e-01
0.125000	4.034675e-01	-4.835923e-02
0.250000	1.421007e-01	2.304755e-01
0.375000	7.446203e-01	5.945505e-02
0.500000	2.423115e-01	6.537367e-03
0.625000	-3.209251e-01	1.603740e-01
0.750000	-7.388344e-01	1.016666e-02
0.875000	-4.795553e-01	1.268974e-01
1.000000	1.496789e-01	-1.678913e-01
1.125000	-5.065607e-01	-2.523691e-01
1.250000	-4.318271e-01	8.968467e-01
1.375000	-9.733343e-02	-1.670973e-01
1.500000	2.848520e-01	-3.698263e-01
1.625000	-2.517502e-01	6.259972e-01
1.750000	-8.031332e-03	4.820925e-01
1.875000	-8.312199e-03	1.299776e-02

0.000000	1.418283e+02	-1.184509e+00
0.125000	4.671975e-01	-5.124178e-01
0.250000	-9.024236e-01	-8.396845e-02
0.375000	7.777586e-01	-4.344211e-02
0.500000	3.677654e-01	-4.778439e-01
0.625000	-3.604625e-01	-1.362051e-01
0.750000	1.389705e-01	-1.886992e-01
0.875000	-1.497743e-01	-6.075279e-02
1.000000	3.626800e-01	3.194415e-01
1.125000	-3.778422e-02	-5.439736e-02
1.250000	5.859429e-01	-9.259671e-01
1.375000	-3.115958e-01	6.114926e-01
1.500000	-9.416842e-02	2.032800e-01
1.625000	-7.394037e-02	3.631168e-01
1.750000	1.854501e-01	-1.999690e-01
1.875000	7.087798e-01	4.205222e-01

0.000000	1.340914e+02	1.202381e-02
0.125000	1.927654e-01	5.732717e-02
0.250000	-6.150470e-01	-8.793692e-03
0.375000	-4.956324e-01	2.083024e-01
0.500000	-2.029524e-01	4.748670e-01
0.625000	5.474959e-01	3.947237e-01
0.750000	4.424121e-01	3.038565e-01
0.875000	-6.675367e-01	7.616465e-01
1.000000	-9.964677e-01	-4.524861e-01
1.125000	-3.882721e-01	8.774473e-01
1.250000	6.393128e-03	-5.500588e-01
1.375000	1.655480e-01	2.190127e-01
1.500000	1.724890e-01	3.055295e-01
1.625000	-9.418122e-03	6.089533e-01
1.750000	-8.336296e-02	-1.017565e-01
1.875000	2.861299e-02	7.318794e-01

0.000000	1.357844e+02	2.701885e-01
0.125000	2.017990e-01	1.697775e-01
0.250000	-4.679810e-01	3.651394e-01
0.375000	-9.176671e-02	-6.163018e-01
0.500000	5.526080e-01	2.648178e-01
0.625000	-2.253036e-01	1.607373e+00
0.750000	-4.916242e-01	-1.403913e-01
0.875000	-3.369812e-01	-7.025415e-01
1.000000	-3.502258e-01	7.733756e-01
1.125000	-3.515647e-02	-1.137680e+00
1.250000	-3.215061e-01	-8.110534e-01
1.375000	-1.161717e-01	-2.495249e-01
1.500000	-6.153956e-01	3.584980e-01
1.625000	8.581212e-02	-3.521728e-01
1.750000	-2.242752e-01	-5.383624e-01
1.875000	-3.630324e-01	-1.967615e-01

0.000000	1.325484e+02	3.362208e-01
0.125000	-4.653874e-01	-2.273837e-01
0.250000	2.362399e-01	2.331751e-01
0.375000	1.292249e-01	-2.467488e-01
0.500000	2.925842e-01	-3.240880e-01
0.625000	2.988744e-01	6.277716e-01
0.750000	4.164855e-01	8.406531e-01
0.875000	-2.594099e-01	-2.598699e-01
1.000000	-9.331855e-01	1.221429e-01
1.125000	-6.807933e-03	-3.112338e-01
1.250000	-5.200627e-01	-2.298397e-01
1.375000	-1.397254e-01	2.369438e-02
1.500000	1.257915e-01	-2.195262e-01
1.625000	3.052670e-01	-2.563082e-01
1.750000	3.263855e-02	1.860408e-01
1.875000	7.877650e-01	6.797151e-01

0.000000	1.356726e+02	1.514538e-01
0.125000	-1.014928e-01	-3.873700e-01
0.250000	-2.811057e-01	-5.842821e-02
0.375000	4.798590e-01	6.478533e-01
0.500000	8.934864e-02	-8.459946e-01
0.625000	5.483195e-01	9.914894e-02
0.750000	-1.507291e-01	-1.341662e-01
0.875000	-9.761518e-01	-3.097080e-01
1.000000	-1.274981e-01	3.968828e-01
1.125000	-3.193360e-01	4.898703e-01
1.250000	2.457416e-01	-6.416593e-01
1.375000	8.265484e-01	4.133028e-01
1.500000	-1.116491e-01	-7.965714e-01
1.625000	3.088146e-02	5.018950e-01
1.750000	6.052757e-01	7.494877e-01
1.875000	-2.585508e-01	-1.507464e-01

0.000000	1.388491e+02	1.011924e-02
0.125000	3.889960e-01	-6.285178e-01
0.250000	2.360800e-02	-1.622745e-01
0.375000	-2.906618e-01	-4.541754e-01
0.500000	5.922747e-02	5.937841e-01
0.625000	-1.581131e-01	1.969568e-01
0.750000	-7.770261e-01	-7.598565e-02
0.875000	-2.455441e-01	-3.434874e-02
1.000000	1.145461e+00	5.225920e-01
1.125000	-3.519340e-01	-8.858930e-02
1.250000	1.956065e-01	-5.170941e-01
1.375000	-3.149426e-03	7.874898e-02
1.500000	-5.544588e-01	4.309611e-03
1.625000	-1.876374e-01	6.016394e-01
1.750000	-2.462232e-01	-8.418944e-01
1.875000	5.725310e-01	4.369198e-03

0.000000	1.316596e+02	6.401577e-01
0.125000	-5.734488e-01	3.439069e-01
0.250000	-3.597477e-02	2.148063e-01
0.375000	-7.264821e-01	3.813276e-01
0.500000	6.787668e-02	1.837863e-01
0.625000	-8.091226e-01	1.990425e-01
0.750000	-2.712054e-01	-4.328191e-01
0.875000	3.610485e-01	-3.899043e-01
1.000000	3.597118e-01	-2.482233e-01
1.125000	6.821384e-01	5.033481e-01
1.250000	-4.986413e-01	1.636982e-01
1.375000	6.866762e-02	2.394030e-01
1.500000	-2.894654e-01	-2.239669e-01
1.625000	-2.747138e-01	-1.496571e-01
1.750000	3.931875e-01	3.364775e-01
1.875000	-5.165110e-01	1.004872e+00

0.000000	1.367979e+02	-6.597002e-01
0.125000	-5.682598e-01	-6.405843e-01
0.250000	-8.008219e-02	-5.285754e-01
0.375000	-3.506408e-01	-6.933235e-01
0.500000	-1.616783e-01	-9.884434e-02
0.625000	3.059381e-01	-6.095705e-02
0.750000	3.036528e-01	4.497554e-01
0.875000	3.853920e-01	2.991241e-01
1.000000	-2.920431e-01	3.676614e-01
1.125000	2.242711e-01	-2.063573e-01
1.250000	-3.047182e-01	-3.130352e-01
1.375000	-1.525218e+00	8.118969e-01
1.500000	4.455627e-01	-3.873706e-01
1.625000	4.004325e-01	-7.670572e-01
1.750000	3.586009e-01	3.768291e-01
1.875000	-3.444109e-03	-3.246076e-01

0.000000	1.384695e+02	2.908502e-01
0.125000	2.102443e-01	3.996560e-01
0.250000	-2.399848e-03	9.443616e-02
0.375000	5.986603e-01	3.841476e-01
0.500000	-3.835537e-01	8.320294e-02
0.625000	-4.413650e-01	-2.006745e-01
0.750000	-8.667362e-02	1.867700e-01
0.875000	-4.786378e-01	1.037089e-01
1.000000	3.117186e-01	1.482806e-01
1.125000	2.156872e-01	-1.219597e-01
1.250000	-2.452715e-01	1.951577e-01
1.375000	1.145692e-02	-3.295961e-02
1.500000	-1.959320e-01	2.837377e-01
1.625000	7.121685e-01	1.963039e-01
1.750000	-7.165734e-02	-5.050924e-01
1.875000	-7.852009e-01	-9.106506e-02

0.000000	1.438722e+02	-2.225553e-01
0.125000	-3.346041e-03	1.599029e-01
0.250000	2.048219e-01	3.076885e-01
0.375000	-9.614030e-01	-1.841417e-01
0.500000	-1.259817e-01	3.807810e-01
0.625000	3.670308e-01	-5.950164e-01
0.750000	1.297832e+00	3.072105e-01
0.875000	7.936527e-01	2.518039e-01
1.000000	-3.066066e-01	6.829325e-01
1.125000	4.261843e-01	-1.922664e-01
1.250000	-2.630480e-01	-5.705835e-01
1.375000	-3.006254e-01	-8.940347e-01
1.500000	-6.891554e-01	3.920540e-01
1.625000	-3.128351e-01	-2.768875e-01
1.750000	3.087671e-01	-7.152665e-01
1.875000	1.477600e-01	-4.497514e-01

0.000000	1.371941e+02	-4.221754e-01
0.125000	2.334385e-01	7.533417e-01
0.250000	2.072780e-01	9.527940e-01
0.375000	6.919070e-01	2.391245e-01
0.500000	-9.149941e-01	2.859777e-01
0.625000	1.279163e-01	3.561751e-01
0.750000	3.527719e-01	8.281939e-02
0.875000	4.445088e-02	1.216194e-01
1.000000	7.922903e-01	-5.172235e-01
1.125000	-2.600354e-01	9.841375e-01
1.250000	-4.351442e-02	-1.184024e-01
1.375000	4.449296e-01	1.579374e-01
1.500000	-7.620873e-01	-7.700347e-03
1.625000	-6.111157e-01	8.268075e-01
1.750000	3.649760e-01	1.138141e-01
1.875000	3.382845e-01	8.599150e-01

0.000000	1.350900e+02	-7.644226e-01
0.125000	-7.901577e-01	3.878899e-01
0.250000	-8.599665e-01	-4.763914e-02
0.375000	4.232068e-01	-3.620682e-01
0.500000	2.562699e-01	4.269429e-01
0.625000	-1.388771e-01	1.025146e-01
0.750000	3.081826e-01	-4.692396e-01
0.875000	-3.690508e-01	-3.405268e-02
1.000000	-3.965059e-01	3.697786e-01
1.125000	4.456093e-01	5.094514e-01
1.250000	-6.404362e-01	4.111294e-02
1.375000	1.294685e-01	-1.970453e-01
1.500000	3.430521e-01	7.628504e-01
1.625000	-7.076408e-02	-1.961548e-01
1.750000	-1.702116e-01	-2.008521e-01
1.875000	-3.000022e-01	-1.679809e-02

